5.675677259848281153e+01
6.004729885873717166e+01
9.076087381459684877e+01
2.970339426230222202e+01
3.749095189638711645e+01
4.241478956986798465e+01
3.790815065891911217e+01
2.612283202927132564e+01
3.100617471578958373e+01
2.286144293832469643e+01
1.658622310160032498e+01
2.680399226458943929e+01
2.382277328743091260e+01
1.895072570591088024e+01
2.497098006154493888e+01
1.911741244044321419e+01
1.518208209794275021e+01
1.491941696291739206e+01
1.874422912973027522e+01
1.502228865271637304e+01
1.613553809124748284e+01
1.424242540442904392e+01
1.688006040896863880e+01
1.448731589117614504e+01
1.254556498177682045e+01
1.255149008987465642e+01
1.511305201931807751e+01
1.290537751987007020e+01
1.229570155130999964e+01
1.343004101365753122e+01
1.502538431733167101e+01
1.374970207217646845e+01
1.241470119042622500e+01
1.221564509876638915e+01
1.334779301888331204e+01
1.260567918131323673e+01
1.216646460782576078e+01
1.384563268544724046e+01
1.263872950083226065e+01
1.199619000524613099e+01
1.257560893273844194e+01
1.232530997816961360e+01
1.281440712678326932e+01
1.210108024290539852e+01
1.168178691632291333e+01
1.295104877159603340e+01
1.212281439074039469e+01
1.155782629101709347e+01
1.150491644280802461e+01
1.286765500681832819e+01
1.194674665908357625e+01
1.164332834631534297e+01
1.186462204448681490e+01
1.212976695812351480e+01
1.167391576123237762e+01
1.180548751166948840e+01
1.161399131273918606e+01
1.237798517229485107e+01
1.173367941973912210e+01
1.143634027289310318e+01
1.168723250396199731e+01
1.187232986816172264e+01
1.147165521429383794e+01
1.185777465047353374e+01
1.234097819731328549e+01
1.186186256735722999e+01
1.174420115773909146e+01
1.161842333840832531e+01
1.197208800796428996e+01
1.175804250024487096e+01
1.154522279527684603e+01
1.171259542649145224e+01
1.210349999690714640e+01
1.166623117316162528e+01
1.157699577081613818e+01
1.142556382076540444e+01
1.177206533957913059e+01
1.162088395932517315e+01
1.140459724628201066e+01
1.139243432565939251e+01
1.176488876785968429e+01
1.157423197387212532e+01
1.156196467169707098e+01
1.183203753797256397e+01
1.157941144796089361e+01
1.150676804612086279e+01
1.146530700536836633e+01
1.169757448944778666e+01
1.161271186013100021e+01
1.140960589426941851e+01
1.141374449764077958e+01
1.168128550143766375e+01
1.143303617704444441e+01
1.138095206635105860e+01
1.131172180717984865e+01
1.154466586124998706e+01
1.146218035491830989e+01
1.134681131783144536e+01
1.140764884966158910e+01
1.165293895343637232e+01
1.140393632851832884e+01
1.136262301605123071e+01
1.126700308797750871e+01
1.148925173991779936e+01
1.140102239169143417e+01
1.126523410123783719e+01
1.123476487297385873e+01
1.149301944146044185e+01
1.146180387135842516e+01
1.136242576607699206e+01
1.136705997432499160e+01
1.151842741692108341e+01
1.136976648335530093e+01
1.142472835695276245e+01
1.134000636616469393e+01
1.151009368286561418e+01
1.140788950620979314e+01
1.130171813825061733e+01
1.128702035015017913e+01
1.142089612118095943e+01
1.130761328175132086e+01
1.125823676418301389e+01
1.131268037201088461e+01
1.148050698569927697e+01
1.138945489527841204e+01
1.126630531953962766e+01
1.122465584731981103e+01
1.137956666761443891e+01
1.128496000478851080e+01
1.121542340032004859e+01
1.122069490853075813e+01
1.135166852475550492e+01
1.124622825320536101e+01
1.127129618490909735e+01
1.122272548463380026e+01
1.134712911001279778e+01
1.127436622829671187e+01
1.120085075636581529e+01
1.119419213255115153e+01
1.130837270430841635e+01
1.123146264718337406e+01
1.119902719799915225e+01
1.122150138655418949e+01
1.133693534526425495e+01
1.128971727138656078e+01
1.121815299231673357e+01
1.120643287637737018e+01
1.128671626896265678e+01
1.122934950868171455e+01
1.119430867113850425e+01
1.123736698866664696e+01
1.133539785325104710e+01
1.124216949266266496e+01
1.121055719522922089e+01
1.118133090322726808e+01
1.127512889028980680e+01
1.122252221141128459e+01
1.117321606003229739e+01
1.117022880783035177e+01
1.128056372087748827e+01
1.125264421828468286e+01
1.120651384592555111e+01
1.130754138897576233e+01
1.126629425994402744e+01
1.120363269588113830e+01
1.118809946317606929e+01
1.127511891995639459e+01
1.122489629340864781e+01
1.119101835352229735e+01
1.119203729510134515e+01
1.117831893770720519e+01
1.121736877430605617e+01
1.118640361383316062e+01
1.115577630744211213e+01
1.125646358021175963e+01
1.121793886672259788e+01
1.117265422495282934e+01
1.120454899657817904e+01
1.118017232422811347e+01
1.122079843080860151e+01
1.119431749509273821e+01
1.115401873179379777e+01
1.115197760269781924e+01
1.120410662034861105e+01
1.116523204090993460e+01
1.114506288249300425e+01
1.115703785366662615e+01
1.114565959952496499e+01
1.117164533008985394e+01
1.123690802545076828e+01
1.118761966193182822e+01
1.114539186826986317e+01
1.113779963665533046e+01
1.119888217185554247e+01
1.114470991465468330e+01
1.112346094274462693e+01
1.115229435794307733e+01
1.116822446285828718e+01
1.113264346369735058e+01
1.114627132933671483e+01
1.112754050442867992e+01
1.119728183415949552e+01
1.114671126674562274e+01
1.111582417360081720e+01
1.111541572486715168e+01
1.118121832382392533e+01
1.112891871828980328e+01
1.111650437735796082e+01
1.113382143760516207e+01
1.115714799098725329e+01
1.113483194763569628e+01
1.114502840124546523e+01
1.116951367771773818e+01
1.113584332288030510e+01
1.113473551184728194e+01
1.119977516413070440e+01
1.115531391741783374e+01
1.114337953578339047e+01
1.113039720015124701e+01
1.114182837401535409e+01
1.118117547645653431e+01
1.113528745512872220e+01
1.113239160012422424e+01
1.111721658764111709e+01
1.115428181726304047e+01
1.114091543430468079e+01
1.111571202196532404e+01
1.111508005299499757e+01
1.116040550377733886e+01
1.113732743974942707e+01
1.114065663859804367e+01
1.117833946888583085e+01
1.114514423036475321e+01
1.113936868236998201e+01
1.113393957368612952e+01
1.116879505715716547e+01
1.115103035566764689e+01
1.112161059369638316e+01
1.112548037654079636e+01
1.116841034707258373e+01
1.113032394016612514e+01
1.112532354859521000e+01
1.111329935735446917e+01
1.115364124443379268e+01
1.114265007215077041e+01
1.112267384669605796e+01
1.112752007494161610e+01
1.111694404831622940e+01
1.113047211736422426e+01
1.110805026106658921e+01
1.110760128170347727e+01
1.114966171398441475e+01
1.112097676352739128e+01
1.111527919724813529e+01
1.111000819251756511e+01
1.115119122375054062e+01
1.113854413093721796e+01
1.111423573135117415e+01
1.111745312944275099e+01
1.115360879299223740e+01
1.112181258218016033e+01
1.111743123002744937e+01
1.110769634718765175e+01
1.114199092122989576e+01
1.113170108145531856e+01
1.111474381496179475e+01
1.111633797148027014e+01
1.110852619380603379e+01
1.111964742308950527e+01
1.110164432526042333e+01
1.110136150533666743e+01
1.113868450761127882e+01
1.111359841466892995e+01
1.110641402204951511e+01
1.110023472436180647e+01
1.110880884247231215e+01
1.113278269746303373e+01
1.110509215827154605e+01
1.110301622700925073e+01
1.109472475002801239e+01
1.111756506827486035e+01
1.111244932151326381e+01
1.109813305866818389e+01
1.109426855326027983e+01
1.109113777252285260e+01
1.111842658084176705e+01
1.110133869823688002e+01
1.109166768023983884e+01
1.109672538162466360e+01
1.112977459334727826e+01
1.110381893415859089e+01
1.109348102264078406e+01
1.108537802737695976e+01
1.111711177736302325e+01
1.110083452730700238e+01
1.108677783456130683e+01
1.110062884741601508e+01
1.109382569912067851e+01
1.110794478212688041e+01
1.109776063218365572e+01
1.108520648464815217e+01
1.108983879574382847e+01
1.108074625636278121e+01
1.111931750519070405e+01
1.109571411117579665e+01
1.108104569631696101e+01
1.107994608552555782e+01
1.108852858334642733e+01
1.111214276460359685e+01
1.109447082210585833e+01
1.108043528887309037e+01
1.107948364350603576e+01
1.110200491297417003e+01
1.108177053670120493e+01
1.107498510535791780e+01
1.111605455257981134e+01
1.110060308527842388e+01
1.108456400783609475e+01
1.108113346093701423e+01
1.110420061377818257e+01
1.108656209856711428e+01
1.107763131540674451e+01
1.108961991949364112e+01
1.108679081872859840e+01
1.109604050402376529e+01
1.108356207531867099e+01
1.107579498860637734e+01
1.110141742243138196e+01
1.108764800212597024e+01
1.107654815095499323e+01
1.107693967772540233e+01
1.110033457930565959e+01
1.108323125981371859e+01
1.107618851527609571e+01
1.108133916048469025e+01
1.107997468961654697e+01
1.108992927779476645e+01
1.107787211899693425e+01
1.107184969160103272e+01
1.109862724686125190e+01
1.108334747454970781e+01
1.107295635930980993e+01
1.107335878396947670e+01
1.107994907828035380e+01
1.109379725405149486e+01
1.108268814693785487e+01
1.107262235527606897e+01
1.107302122352033891e+01
1.108632121570408557e+01
1.107303622850720082e+01
1.106900294761511994e+01
1.110127811242693774e+01
1.109176417172654538e+01
1.107989798912626789e+01
1.107816250126020741e+01
1.109236390137159312e+01
1.108072013139697987e+01
1.107478161958429297e+01
1.108411970420032766e+01
1.110222035894118342e+01
1.108565187512449945e+01
1.107836934293627174e+01
1.107336714490445928e+01
1.109067895739081244e+01
1.107960223322327487e+01
1.107064407636343439e+01
1.107110461233857279e+01
1.108760759696445852e+01
1.107483727659337980e+01
1.108091851123976213e+01
1.107405596254061564e+01
1.109098534140443348e+01
1.108164615664269625e+01
1.107104796336029295e+01
1.106949037039323791e+01
1.108576088862065312e+01
1.107539255570947923e+01
1.107016520964059048e+01
1.107593874459166372e+01
1.109441288421977490e+01
1.108003880104629246e+01
1.107460594195108428e+01
1.107053708501162426e+01
1.108636183797216290e+01
1.107745488893269226e+01
1.106979547657584639e+01
1.107002740908434113e+01
1.108758782409043597e+01
1.107752047081743285e+01
1.107306292154600946e+01
1.107484999181086671e+01
1.109369917578661635e+01
1.108498611669907596e+01
1.107310596473782738e+01
1.106940733197916238e+01
1.108755958815809350e+01
1.107714863759893120e+01
1.107005294109905513e+01
1.107690063365314614e+01
1.107379680469500549e+01
1.108253204087040267e+01
1.107549425078711103e+01
1.106911967235472183e+01
1.107673051079721027e+01
1.107199908449539194e+01
1.107746904287132494e+01
1.107608694780651959e+01
1.108594937314397022e+01
1.107453330885509857e+01
1.106996595677877337e+01
1.107734129400714629e+01
1.107978294450721179e+01
1.107130346933957554e+01
1.107476521035696493e+01
1.108701960656945396e+01
1.107545860028970885e+01
1.107587534932476281e+01
1.107291598643639396e+01
1.108866470547228467e+01
1.107907100257037492e+01
1.107670328232107870e+01
1.108215208776806904e+01
1.109612004588850986e+01
1.108534047707059322e+01
1.107658948937277898e+01
1.107484980092745808e+01
1.108825648712505085e+01
1.107683121443088403e+01
1.107228357330511415e+01
1.107791018982280917e+01
1.108123643256007540e+01
1.107358400635235718e+01
1.107708894071445371e+01
1.107291636984030347e+01
1.108806548577680928e+01
1.107673919057327971e+01
1.106979802397140134e+01
1.106945938832369336e+01
1.108405858630650975e+01
1.107144003812976152e+01
1.106828833004351331e+01
1.107256005222643402e+01
1.107218737800566721e+01
1.108010528645140091e+01
1.107015219965006025e+01
1.106710997189619761e+01
1.107086921960883608e+01
1.107209823964718254e+01
1.108284276315206007e+01
1.107231464038382107e+01
1.107102356174224767e+01
1.106790899024048969e+01
1.107813971248471496e+01
1.107569169548706789e+01
1.107020388472080086e+01
1.107445877235408815e+01
1.108570172543539556e+01
1.107367070739254089e+01
1.106774612623605769e+01
1.106778074039017845e+01
1.107890758398366238e+01
1.107029334281807742e+01
1.106793407768333637e+01
1.106571276711240692e+01
1.107805949856839156e+01
1.107288011963986918e+01
1.106740511745600486e+01
1.106869842028973672e+01
1.106616602852477982e+01
1.107173979787015483e+01
1.106895375958143646e+01
1.106401776530557690e+01
1.106294464334453131e+01
1.106198722714089122e+01
1.107076384502370736e+01
1.106455702495921933e+01
1.106120420938739457e+01
1.106583761737990024e+01
1.107655468872819782e+01
1.106743951023621264e+01
1.106443781722917663e+01
1.106179387595207153e+01
1.107114945402960160e+01
1.106593879588175966e+01
1.106100972562811080e+01
1.106142899006648150e+01
1.107314863309723840e+01
1.107077101436919087e+01
1.106704067778785294e+01
1.107694700367478191e+01
1.107241317693017812e+01
1.106649196670398005e+01
1.106579704846212842e+01
1.107525589665319821e+01
1.107014706325288778e+01
1.107096838377393588e+01
1.106564843547249488e+01
1.107655925924669305e+01
1.106820010814927180e+01
1.106514687577455547e+01
1.106278790602055473e+01
1.107329580594580420e+01
1.106819534128596771e+01
1.106370477035000377e+01
1.106537748701258828e+01
1.106339646815146338e+01
1.106811701375393753e+01
1.106524634915957428e+01
1.106110548050388154e+01
1.107355872916743067e+01
1.106841259473022809e+01
1.106223650399827640e+01
1.106077879773042838e+01
1.106452990307903228e+01
1.107330429399038252e+01
1.106531432862114350e+01
1.106256516356725506e+01
1.106016579968352787e+01
1.106866492596083873e+01
1.106400118900866403e+01
1.105961942878906790e+01
1.105987094130824566e+01
1.106979092021335198e+01
1.106410260401529122e+01
1.106219853739099257e+01
1.106360346706752829e+01
1.107239478077449490e+01
1.106795093251932727e+01
1.106221440640434039e+01
1.106098695537922616e+01
1.106959375088971065e+01
1.106412786136651150e+01
1.106101228676736170e+01
1.106485050678281112e+01
1.106880830636191071e+01
1.106444918548815437e+01
1.106447260745816408e+01
1.107294080172123962e+01
1.106505962875882965e+01
1.106320439540016132e+01
1.106627852247209098e+01
1.107712346197867603e+01
1.107022810792507883e+01
1.106416282144821039e+01
1.106236930167683319e+01
1.107290762232992165e+01
1.106556580957214209e+01
1.106204326650240866e+01
1.106516481857913092e+01
1.106952476434676669e+01
1.106408747919396696e+01
1.106593390104003838e+01
1.106263042918108574e+01
1.106342310564101439e+01
1.106852211626667071e+01
1.106188088233860078e+01
1.106090578511387967e+01
1.106254631695870572e+01
1.106306970323716499e+01
1.107010141111753221e+01
1.106428299787796909e+01
1.106318404111906695e+01
1.106210862688502949e+01
1.106882072856872234e+01
1.106608471207528943e+01
1.106330283451243623e+01
1.106277841550507013e+01
1.107117114806910863e+01
1.106416412141630801e+01
1.106306475773166653e+01
1.106066292706016796e+01
1.106869213810584540e+01
1.106598967132526745e+01
1.106194621917057397e+01
1.106391856140087881e+01
1.106181080803482075e+01
1.106539390717521343e+01
1.106102710795528843e+01
1.106051512386170543e+01
1.106015999418956319e+01
1.106488071314514521e+01
1.106328458610370546e+01
1.106088211996800297e+01
1.107076921966538485e+01
1.106494486271843591e+01
1.106483031204369816e+01
1.106337905901724206e+01
1.106744959257156502e+01
1.106583286124991261e+01
1.106283120317509550e+01
1.106586099047394711e+01
1.107142902986033306e+01
1.106468505387413259e+01
1.106156489181983638e+01
1.106255238628065030e+01
1.106724782571802024e+01
1.106250411416518808e+01
1.106204959670020394e+01
1.106145658761584905e+01
1.106595019918779421e+01
1.106514566210676165e+01
1.106128190847951132e+01
1.106280983009690466e+01
1.106741604579819516e+01
1.106208119761016739e+01
1.106218359383217908e+01
1.106088528853781305e+01
1.106532962980833901e+01
1.106399845998072529e+01
1.106123776302910144e+01
1.106271311840499116e+01
1.106864102064948341e+01
1.106221678695372290e+01
1.105917696277457729e+01
1.105978290907233053e+01
1.106552157179684492e+01
1.106104970842947743e+01
1.106029178981950167e+01
1.105914359211637610e+01
1.105758688677617663e+01
1.106513427467006139e+01
1.106206132950804566e+01
1.105915523871503048e+01
1.105963037991378073e+01
1.105814815192398548e+01
1.106194457562881794e+01
1.106006674224781428e+01
1.105721777764111025e+01
1.105745804010368616e+01
1.106204922024645576e+01
1.105919318359414127e+01
1.105741629141390980e+01
1.105913184956062878e+01
1.106509641502076491e+01
1.105988318003288917e+01
1.105832942291308818e+01
1.105679630070696895e+01
1.106258481866722754e+01
1.105975506754128723e+01
1.105689861591617351e+01
1.105710935646152393e+01
1.106177227152046960e+01
1.106055341995354269e+01
1.105839131848076207e+01
1.106455187434842458e+01
1.106210086196244369e+01
1.105865796647636223e+01
1.105823218103321182e+01
1.105944266466476300e+01
1.106248486272901310e+01
1.105858970503404137e+01
1.105793125321171644e+01
1.105746609623183829e+01
1.106050716800473666e+01
1.105846944046488467e+01
1.105673549048621318e+01
1.105973014243347308e+01
1.106341951161282289e+01
1.105882556402374917e+01
1.105851421646397803e+01
1.105732595583571332e+01
1.106040878239707581e+01
1.105919540178095772e+01
1.105682660268316830e+01
1.106395511190138947e+01
1.106148610911106189e+01
1.105790598206397135e+01
1.105985812771795551e+01
1.105771643204844068e+01
1.106153224927426137e+01
1.105771268176386535e+01
1.105689833517649845e+01
1.105635563247789044e+01
1.106104373809885644e+01
1.105925092116387276e+01
1.105742215736812284e+01
1.105802401580074523e+01
1.105684281390022328e+01
1.105906427246205936e+01
1.106431662016093398e+01
1.106124210411764253e+01
1.105756985641717094e+01
1.105661342304033035e+01
1.106169282366708906e+01
1.105803081631375484e+01
1.105592163976508502e+01
1.105628782203493898e+01
1.106195428752957888e+01
1.105752226643659597e+01
1.105630850336388171e+01
1.105719441080822563e+01
1.105713011808894208e+01
1.106007403844646397e+01
1.105669892905085128e+01
1.105550516943619854e+01
1.105551164143051146e+01
1.105766280007810209e+01
1.105880135148341914e+01
1.105563679932792276e+01
1.105672399056038557e+01
1.106189832074006496e+01
1.105765177039293334e+01
1.105857211724590172e+01
1.105604774348921637e+01
1.105605496754647810e+01
1.106054180196548486e+01
1.105630253057574564e+01
1.105525921085847330e+01
1.105731397897226209e+01
1.105802762678937512e+01
1.105589161776133622e+01
1.105694267206049730e+01
1.105606268470174847e+01
1.106121461799151717e+01
1.105697153859879833e+01
1.105503453202578079e+01
1.105700904461919265e+01
1.105877354616393937e+01
1.105577867069425935e+01
1.105673247232446066e+01
1.106286259265250571e+01
1.105805895249238979e+01
1.105570481013733186e+01
1.105576458860808664e+01
1.106093453953458905e+01
1.105655229434770703e+01
1.105550637804606495e+01
1.105621422699830170e+01
1.105620875721639429e+01
1.105905280096151344e+01
1.105559728583890511e+01
1.105457309174818015e+01
1.106068217859317038e+01
1.105696275636700499e+01
1.105523336562374759e+01
1.105728739953225670e+01
1.105672150797302855e+01
1.105926941148166698e+01
1.105647009492486710e+01
1.105491578780031325e+01
1.106104052096418400e+01
1.105731876820751403e+01
1.105478663481968837e+01
1.105453430640547374e+01
1.105545544913429978e+01
1.105610154251711919e+01
1.105975671337020039e+01
1.105671031329834975e+01
1.105703247547791790e+01
1.105516558495910218e+01
1.105672381286768058e+01
1.105776095002853054e+01
1.105493524836504271e+01
1.105557321485304101e+01
1.106005164957573861e+01
1.105628069214692033e+01
1.105601184622479849e+01
1.105476934309564641e+01
1.105972969003886242e+01
1.105867369074271700e+01
1.105614173832847236e+01
1.105717610011089924e+01
1.105574949388391559e+01
1.105766263661544890e+01
1.105494438647032851e+01
1.105500826228660394e+01
1.106024926581173951e+01
1.105661191400760224e+01
1.105580062613001679e+01
1.105468161797337068e+01
1.105992134095611590e+01
1.105684091785262169e+01
1.105713088676909805e+01
1.105648548549131149e+01
1.105858279252462317e+01
1.105800922770804284e+01
1.105646137512280980e+01
1.105723610515465438e+01
1.106053417889254575e+01
1.105658704970387163e+01
1.105472706826236617e+01
1.105530833641840260e+01
1.105860973957768323e+01
1.105580144213273108e+01
1.105549602993944447e+01
1.105508931284760976e+01
1.105895268251025954e+01
1.105819541139688411e+01
1.105542925350114203e+01
1.105570909978615823e+01
1.106001088341807659e+01
1.105638377820311824e+01
1.105583783091133832e+01
1.105457069428819672e+01
1.105876196194181915e+01
1.105784648887135901e+01
1.105579866762260011e+01
1.105701097225147755e+01
1.105595774496484651e+01
1.105739801393502653e+01
1.105516913060969841e+01
1.105504980918348501e+01
1.105957236549005707e+01
1.105651407748738357e+01
1.105558853351016069e+01
1.105478182667857823e+01
1.105446970867928158e+01
1.105460269522495942e+01
1.105761095084235990e+01
1.105535589461501189e+01
1.105639009698421837e+01
1.105474105453347633e+01
1.105832143960547320e+01
1.105687519667532115e+01
1.105463062923980999e+01
1.105427947509032016e+01
1.105729700799855308e+01
1.105540955058842201e+01
1.105424151116813647e+01
1.105538288057041285e+01
1.105948153944222767e+01
1.105613965211813543e+01
1.105502339025716196e+01
1.105383920708770518e+01
1.105792049522630194e+01
1.105594743409891834e+01
1.105397058239287134e+01
1.105383044229100875e+01
1.105764238885531192e+01
1.105666671012167335e+01
1.105515638582167526e+01
1.105936954564689501e+01
1.105765573538826096e+01
1.105537277648624972e+01
1.105490463298568393e+01
1.105574273866876567e+01
1.105808220846077994e+01
1.105552176329669933e+01
1.105483328276613975e+01
1.105437515041363739e+01
1.105663577046525248e+01
1.105521282967739261e+01
1.105398657647403660e+01
1.105587235942351221e+01
1.105891961245800559e+01
1.105575818580882874e+01
1.105506973490015987e+01
1.105392526617176863e+01
1.105699164149029201e+01
1.105571019800410504e+01
1.105384787604704755e+01
1.105371955256111605e+01
1.105647593452542843e+01
1.105474197281557025e+01
1.105386109370353687e+01
1.105442857466324824e+01
1.105725476544388641e+01
1.105475796394698129e+01
1.105402284963298953e+01
1.105352647977174918e+01
1.105628216774695360e+01
1.105484329876672156e+01
1.105361261935365746e+01
1.105492897831648769e+01
1.105616888727046998e+01
1.105446087548243206e+01
1.105442827427690844e+01
1.105724566116036733e+01
1.105501682319112078e+01
1.105428675447761222e+01
1.105540615642543045e+01
1.105896440659544133e+01
1.105703673625926875e+01
1.105466964304847011e+01
1.105395064531059823e+01
1.105742964712082888e+01
1.105512667544358330e+01
1.105370186814231559e+01
1.105378392425727618e+01
1.105764163142233336e+01
1.105485570336105994e+01
1.105397400346380188e+01
1.105424198996929519e+01
1.105416963034005917e+01
1.105615286249298634e+01
1.105404616407294505e+01
1.105327905885367024e+01
1.105397872632871348e+01
1.105358094775324673e+01
1.105450874064978706e+01
1.105482377841127928e+01
1.105368720912845326e+01
1.105429372924100306e+01
1.105396391203404072e+01
1.105710374366605997e+01
1.105405865378062913e+01
1.105306235008643867e+01
1.105398540244072692e+01
1.105492546028460943e+01
1.105325132701824842e+01
1.105353138145707881e+01
1.105688005939487972e+01
1.105453644600632579e+01
1.105465989718418207e+01
1.105311773550158883e+01
1.105401203586049164e+01
1.105556737589076199e+01
1.105336425553817570e+01
1.105362538442782672e+01
1.105320578335636661e+01
1.105470639201405980e+01
1.105457748104594806e+01
1.105355914091048142e+01
1.105745979601362450e+01
1.105504610923674136e+01
1.105415056383845673e+01
1.105487002740832914e+01
1.105622654415169492e+01
1.105464039880322247e+01
1.105486134945725851e+01
1.105394783980440820e+01
1.105525507968284948e+01
1.105519168613286851e+01
1.105359400790868030e+01
1.105427217402032092e+01
1.105651288057454629e+01
1.105428110680687404e+01
1.105435412160088227e+01
1.105384122921997836e+01
1.105647038701923357e+01
1.105577271137319428e+01
1.105452834760007796e+01
1.105480683953570598e+01
1.105740306387276739e+01
1.105474483850132117e+01
1.105353416958400103e+01
1.105393469901607340e+01
1.105627169370661633e+01
1.105443784839637011e+01
1.105463510785477510e+01
1.105353188856076940e+01
1.105453653565092154e+01
1.105530070288439681e+01
1.105355800051951221e+01
1.105389414722372265e+01
1.105686594742225637e+01
1.105451555550880371e+01
1.105427227666798196e+01
1.105345774072944565e+01
1.105675481582856001e+01
1.105602530020899188e+01
1.105445142013634197e+01
1.105507104772837579e+01
1.105419826874392975e+01
1.105555956638010606e+01
1.105385859557144812e+01
1.105382213744795727e+01
1.105356639069328573e+01
1.105306457530861941e+01
1.105522429378897620e+01
1.105409777362185508e+01
1.105300587598113893e+01
1.105436802966182874e+01
1.105713032300161203e+01
1.105461561935138803e+01
1.105425464601430185e+01
1.105332655648733287e+01
1.105568522882920668e+01
1.105476654067098430e+01
1.105326214126020545e+01
1.105309250899068729e+01
1.105574094174619226e+01
1.105433685761474472e+01
1.105437213709674360e+01
1.105691929077432611e+01
1.105490983274757255e+01
1.105438762758068094e+01
1.105393943520748401e+01
1.105639744087946497e+01
1.105545582363550494e+01
1.105446169930605471e+01
1.105433357297516039e+01
1.105718989907140504e+01
1.105477092860121502e+01
1.105435035510812725e+01
1.105346111914081320e+01
1.105624460195727110e+01
1.105528783611879007e+01
1.105384231186830135e+01
1.105459488573941051e+01
1.105371172968865956e+01
1.105519167857801044e+01
1.105354199011880034e+01
1.105328797876614999e+01
1.105312595880524462e+01
1.105493007584183651e+01
1.105406012198594468e+01
1.105305660503325882e+01
1.105341475038693666e+01
1.105270619497616202e+01
