7.314443588256835938e-03
7.538557052612304688e-03
7.713556289672851562e-03
7.876634597778320312e-03
8.033275604248046875e-03
8.180856704711914062e-03
8.329153060913085938e-03
8.481502532958984375e-03
8.632421493530273438e-03
8.773565292358398438e-03
8.925437927246093750e-03
9.070873260498046875e-03
9.216308593750000000e-03
9.363174438476562500e-03
9.506940841674804688e-03
9.647130966186523438e-03
9.786844253540039062e-03
9.930610656738281250e-03
1.007294654846191406e-02
1.022934913635253906e-02
1.037311553955078125e-02
1.051759719848632812e-02
1.066398620605468750e-02
1.080489158630371094e-02
1.094532012939453125e-02
1.109004020690917969e-02
1.123547554016113281e-02
1.151776313781738281e-02
1.168274879455566406e-02
1.183629035949707031e-02
1.198267936706542969e-02
1.212358474731445312e-02
1.227736473083496094e-02
1.242566108703613281e-02
1.257753372192382812e-02
1.271796226501464844e-02
1.286005973815917969e-02
1.300406455993652344e-02
1.314449310302734375e-02
1.329731941223144531e-02
1.344037055969238281e-02
1.358199119567871094e-02
1.372456550598144531e-02
1.386642456054687500e-02
1.400709152221679688e-02
1.414823532104492188e-02
1.429510116577148438e-02
1.444959640502929688e-02
1.460266113281250000e-02
1.474928855895996094e-02
1.488971710205078125e-02
1.503705978393554688e-02
1.517868041992187500e-02
1.532459259033203125e-02
1.547455787658691406e-02
1.561355590820312500e-02
1.575303077697753906e-02
1.589274406433105469e-02
1.603341102600097656e-02
1.617431640625000000e-02
1.631999015808105469e-02
1.646137237548828125e-02
1.661348342895507812e-02
1.676177978515625000e-02
1.690196990966796875e-02
1.704144477844238281e-02
1.718068122863769531e-02
1.732921600341796875e-02
1.747012138366699219e-02
1.761007308959960938e-02
1.775550842285156250e-02
1.789569854736328125e-02
1.803517341613769531e-02
1.817655563354492188e-02
1.832175254821777344e-02
1.846361160278320312e-02
1.860404014587402344e-02
1.874446868896484375e-02
1.888418197631835938e-02
1.903295516967773438e-02
1.917243003845214844e-02
1.932024955749511719e-02
1.946115493774414062e-02
1.960086822509765625e-02
1.974153518676757812e-02
1.988291740417480469e-02
2.002239227294921875e-02
2.016472816467285156e-02
2.031040191650390625e-02
2.045059204101562500e-02
2.059698104858398438e-02
2.073740959167480469e-02
2.087664604187011719e-02
2.101683616638183594e-02
2.115654945373535156e-02
2.130699157714843750e-02
2.144718170166015625e-02
2.159333229064941406e-02
2.173376083374023438e-02
2.187323570251464844e-02
2.201461791992187500e-02
2.215480804443359375e-02
2.229976654052734375e-02
2.243828773498535156e-02
2.257823944091796875e-02
2.272677421569824219e-02
2.287864685058593750e-02
2.302551269531250000e-02
2.316689491271972656e-02
2.331185340881347656e-02
2.345395088195800781e-02
2.359580993652343750e-02
2.373981475830078125e-02
2.387905120849609375e-02
2.402925491333007812e-02
2.416872978210449219e-02
2.431297302246093750e-02
2.445363998413085938e-02
2.459406852722167969e-02
2.473449707031250000e-02
2.487397193908691406e-02
2.501654624938964844e-02
2.515697479248046875e-02
2.530241012573242188e-02
2.544212341308593750e-02
2.558207511901855469e-02
2.572250366210937500e-02
2.586340904235839844e-02
2.600359916687011719e-02
2.614235877990722656e-02
2.628684043884277344e-02
2.642703056335449219e-02
2.657938003540039062e-02
2.671837806701660156e-02
2.685785293579101562e-02
2.699708938598632812e-02
2.713775634765625000e-02
2.728295326232910156e-02
2.742314338684082031e-02
2.756190299987792969e-02
2.770090103149414062e-02
2.784204483032226562e-02
2.799558639526367188e-02
2.813506126403808594e-02
2.827954292297363281e-02
2.841877937316894531e-02
2.855920791625976562e-02
2.869820594787597656e-02
2.883720397949218750e-02
2.897858619689941406e-02
2.911829948425292969e-02
2.926230430603027344e-02
2.940368652343750000e-02
2.954244613647460938e-02
2.968096733093261719e-02
2.982091903686523438e-02
2.996063232421875000e-02
3.010773658752441406e-02
3.026342391967773438e-02
3.040170669555664062e-02
3.054070472717285156e-02
3.068041801452636719e-02
3.082108497619628906e-02
3.096199035644531250e-02
3.110289573669433594e-02
3.124713897705078125e-02
3.138780593872070312e-02
3.152799606323242188e-02
3.167057037353515625e-02
3.180980682373046875e-02
3.194975852966308594e-02
3.208827972412109375e-02
3.223323822021484375e-02
3.237462043762207031e-02
3.252220153808593750e-02
3.266191482543945312e-02
3.280305862426757812e-02
3.294324874877929688e-02
3.308296203613281250e-02
3.322720527648925781e-02
3.336715698242187500e-02
3.350591659545898438e-02
3.365778923034667969e-02
3.379774093627929688e-02
3.393769264221191406e-02
3.409051895141601562e-02
3.423333168029785156e-02
3.437519073486328125e-02
3.451681137084960938e-02
3.465652465820312500e-02
3.479528427124023438e-02
3.493428230285644531e-02
3.507256507873535156e-02
3.521609306335449219e-02
3.535628318786621094e-02
3.549599647521972656e-02
3.563570976257324219e-02
3.577542304992675781e-02
3.591585159301757812e-02
3.605508804321289062e-02
3.619933128356933594e-02
3.633928298950195312e-02
3.658533096313476562e-02
3.675484657287597656e-02
3.690314292907714844e-02
3.704738616943359375e-02
3.718781471252441406e-02
3.734397888183593750e-02
3.749847412109375000e-02
3.763890266418457031e-02
3.778076171875000000e-02
3.792262077331542969e-02
3.806209564208984375e-02
3.820705413818359375e-02
3.834867477416992188e-02
3.848886489868164062e-02
3.892993927001953125e-02
3.909158706665039062e-02
3.924441337585449219e-02
3.938841819763183594e-02
3.953099250793457031e-02
3.967213630676269531e-02
3.981328010559082031e-02
3.995347023010253906e-02
4.009366035461425781e-02
4.023981094360351562e-02
4.038119316101074219e-02
4.053211212158203125e-02
4.067206382751464844e-02
4.081463813781738281e-02
4.095530509948730469e-02
4.109454154968261719e-02
4.123735427856445312e-02
4.137659072875976562e-02
4.151654243469238281e-02
4.165577888488769531e-02
4.179549217224121094e-02
4.193472862243652344e-02
4.207444190979003906e-02
4.221940040588378906e-02
4.235959053039550781e-02
4.249906539916992188e-02
4.263877868652343750e-02
4.278659820556640625e-02
4.292678833007812500e-02
4.307126998901367188e-02
4.321599006652832031e-02
4.335665702819824219e-02
4.349684715270996094e-02
4.364228248596191406e-02
4.379558563232421875e-02
4.393434524536132812e-02
4.407405853271484375e-02
4.421758651733398438e-02
4.436945915222167969e-02
4.452109336853027344e-02
4.466104507446289062e-02
4.480171203613281250e-02
4.494166374206542969e-02
4.508137702941894531e-02
4.522657394409179688e-02
4.536652565002441406e-02
4.550647735595703125e-02
4.564619064331054688e-02
4.578495025634765625e-02
4.592585563659667969e-02
4.606556892395019531e-02
4.620981216430664062e-02
4.635071754455566406e-02
4.649043083190917969e-02
4.662919044494628906e-02
4.676842689514160156e-02
4.690885543823242188e-02
4.705715179443359375e-02
4.720282554626464844e-02
4.734325408935546875e-02
4.748249053955078125e-02
4.762196540832519531e-02
4.776215553283691406e-02
4.790163040161132812e-02
4.804635047912597656e-02
4.818558692932128906e-02
4.834151268005371094e-02
4.848217964172363281e-02
4.862260818481445312e-02
4.876255989074707031e-02
4.890155792236328125e-02
4.904150962829589844e-02
4.918146133422851562e-02
4.932951927185058594e-02
4.946947097778320312e-02
4.960870742797851562e-02
4.975461959838867188e-02
4.989290237426757812e-02
5.003190040588378906e-02
5.017209053039550781e-02
5.031681060791015625e-02
5.045700073242187500e-02
5.059695243835449219e-02
5.073690414428710938e-02
5.088806152343750000e-02
5.102825164794921875e-02
5.116868019104003906e-02
5.131268501281738281e-02
5.145335197448730469e-02
5.159139633178710938e-02
5.173301696777343750e-02
5.187201499938964844e-02
5.201292037963867188e-02
5.215311050415039062e-02
5.229783058166503906e-02
5.243730545043945312e-02
5.257892608642578125e-02
5.271887779235839844e-02
5.286979675292968750e-02
5.300903320312500000e-02
5.314898490905761719e-02
5.329442024230957031e-02
5.343437194824218750e-02
5.357456207275390625e-02
5.371499061584472656e-02
5.385494232177734375e-02
5.399537086486816406e-02
5.413532257080078125e-02
5.428123474121093750e-02
5.442190170288085938e-02
5.457258224487304688e-02
5.471229553222656250e-02
5.485272407531738281e-02
5.500030517578125000e-02
5.514025688171386719e-02
5.528426170349121094e-02
5.542445182800292969e-02
5.556464195251464844e-02
5.570363998413085938e-02
5.584239959716796875e-02
5.598139762878417969e-02
5.612087249755859375e-02
5.626583099365234375e-02
5.640602111816406250e-02
5.654549598693847656e-02
5.668592453002929688e-02
5.682706832885742188e-02
5.696678161621093750e-02
5.710577964782714844e-02
5.725073814392089844e-02
5.739045143127441406e-02
5.753087997436523438e-02
5.767107009887695312e-02
5.781006813049316406e-02
5.795454978942871094e-02
5.809307098388671875e-02
5.823731422424316406e-02
5.837678909301757812e-02
5.851650238037109375e-02
5.865502357482910156e-02
5.879497528076171875e-02
5.893516540527343750e-02
5.907368659973144531e-02
5.921626091003417969e-02
5.935645103454589844e-02
5.949497222900390625e-02
5.963468551635742188e-02
5.977439880371093750e-02
5.991339683532714844e-02
6.005239486694335938e-02
6.019568443298339844e-02
6.034159660339355469e-02
6.049180030822753906e-02
6.063151359558105469e-02
6.077241897583007812e-02
6.091189384460449219e-02
6.105232238769531250e-02
6.119608879089355469e-02
6.133699417114257812e-02
6.147742271423339844e-02
6.161737442016601562e-02
6.175780296325683594e-02
6.190419197082519531e-02
6.204319000244140625e-02
6.218314170837402344e-02
6.232762336730957031e-02
6.246900558471679688e-02
6.260800361633300781e-02
6.274795532226562500e-02
6.289267539978027344e-02
6.303286552429199219e-02
6.317949295043945312e-02
6.332349777221679688e-02
6.346297264099121094e-02
6.360292434692382812e-02
6.374192237854003906e-02
6.388235092163085938e-02
6.402111053466796875e-02
6.415891647338867188e-02
6.430268287658691406e-02
6.444191932678222656e-02
6.458139419555664062e-02
6.472158432006835938e-02
6.486105918884277344e-02
6.499981880187988281e-02
6.513929367065429688e-02
6.529664993286132812e-02
6.543612480163574219e-02
6.557750701904296875e-02
6.571674346923828125e-02
6.585669517517089844e-02
6.599664688110351562e-02
6.613683700561523438e-02
6.628370285034179688e-02
6.643939018249511719e-02
6.657958030700683594e-02
6.671977043151855469e-02
6.685996055603027344e-02
6.699776649475097656e-02
6.713676452636718750e-02
6.730103492736816406e-02
6.747150421142578125e-02
6.763648986816406250e-02
6.777644157409667969e-02
6.791591644287109375e-02
6.805634498596191406e-02
6.820058822631835938e-02
6.838679313659667969e-02
6.852674484252929688e-02
6.866550445556640625e-02
6.880426406860351562e-02
6.894326210021972656e-02
6.908440589904785156e-02
6.922817230224609375e-02
6.936788558959960938e-02
6.950640678405761719e-02
6.964588165283203125e-02
6.978511810302734375e-02
6.992363929748535156e-02
7.006239891052246094e-02
7.020664215087890625e-02
7.034754753112792969e-02
7.048702239990234375e-02
7.062578201293945312e-02
7.076740264892578125e-02
7.090783119201660156e-02
7.105445861816406250e-02
7.119822502136230469e-02
7.133960723876953125e-02
7.149028778076171875e-02
7.162904739379882812e-02
7.176804542541503906e-02
7.190847396850585938e-02
7.204699516296386719e-02
7.218623161315917969e-02
7.233023643493652344e-02
7.247710227966308594e-02
7.261610031127929688e-02
7.275533676147460938e-02
7.289409637451171875e-02
7.303261756896972656e-02
7.317185401916503906e-02
7.331538200378417969e-02
7.345438003540039062e-02
7.359313964843750000e-02
7.373237609863281250e-02
7.387900352478027344e-02
7.401847839355468750e-02
7.415795326232910156e-02
7.430243492126464844e-02
7.444286346435546875e-02
7.458257675170898438e-02
7.472252845764160156e-02
7.486200332641601562e-02
7.500123977661132812e-02
7.515048980712890625e-02
7.529473304748535156e-02
7.543587684631347656e-02
7.557511329650878906e-02
7.571339607238769531e-02
7.585239410400390625e-02
7.600164413452148438e-02
7.614064216613769531e-02
7.628440856933593750e-02
7.642531394958496094e-02
7.656383514404296875e-02
7.670259475708007812e-02
7.684302330017089844e-02
7.698297500610351562e-02
7.712912559509277344e-02
7.727456092834472656e-02
7.741546630859375000e-02
7.755470275878906250e-02
7.769465446472167969e-02
7.783389091491699219e-02
7.797336578369140625e-02
7.811331748962402344e-02
7.825732231140136719e-02
7.839798927307128906e-02
7.853746414184570312e-02
7.867765426635742188e-02
7.881760597229003906e-02
7.895708084106445312e-02
7.909679412841796875e-02
7.924056053161621094e-02
7.938027381896972656e-02
7.951998710632324219e-02
7.965970039367675781e-02
7.980012893676757812e-02
7.994079589843750000e-02
8.008503913879394531e-02
8.022928237915039062e-02
8.037114143371582031e-02
8.050966262817382812e-02
8.064937591552734375e-02
8.079385757446289062e-02
8.093380928039550781e-02
8.107399940490722656e-02
8.121657371520996094e-02
8.135724067687988281e-02
8.149647712707519531e-02
8.163571357727050781e-02
8.177447319030761719e-02
8.191418647766113281e-02
8.205294609069824219e-02
8.220481872558593750e-02
8.235073089599609375e-02
8.248972892761230469e-02
8.263969421386718750e-02
8.277988433837890625e-02
8.291935920715332031e-02
8.305907249450683594e-02
8.320236206054687500e-02
8.334589004516601562e-02
8.348441123962402344e-02
8.362293243408203125e-02
8.376240730285644531e-02
8.391356468200683594e-02
8.405208587646484375e-02
8.419513702392578125e-02
8.433675765991210938e-02
8.447694778442382812e-02
8.461546897888183594e-02
8.475494384765625000e-02
8.489346504211425781e-02
8.503246307373046875e-02
8.517122268676757812e-02
8.531546592712402344e-02
8.545637130737304688e-02
8.559632301330566406e-02
8.573603630065917969e-02
8.587527275085449219e-02
8.601474761962890625e-02
8.615350723266601562e-02
8.629870414733886719e-02
8.643794059753417969e-02
8.657670021057128906e-02
8.671498298645019531e-02
8.685445785522460938e-02
8.699297904968261719e-02
8.714389801025390625e-02
8.728837966918945312e-02
8.742904663085937500e-02
8.756875991821289062e-02
8.770799636840820312e-02
8.784651756286621094e-02
8.798623085021972656e-02
8.812594413757324219e-02
8.826851844787597656e-02
8.840870857238769531e-02
8.855032920837402344e-02
8.869028091430664062e-02
8.883070945739746094e-02
8.896970748901367188e-02
8.910822868347167969e-02
8.925223350524902344e-02
8.939242362976074219e-02
8.953189849853515625e-02
8.967161178588867188e-02
8.981108665466308594e-02
8.995103836059570312e-02
9.009122848510742188e-02
9.024286270141601562e-02
9.038257598876953125e-02
9.052753448486328125e-02
9.066629409790039062e-02
9.081387519836425781e-02
9.095263481140136719e-02
9.109234809875488281e-02
9.123587608337402344e-02
9.137606620788574219e-02
9.151554107666015625e-02
9.165430068969726562e-02
9.179353713989257812e-02
9.194374084472656250e-02
9.208345413208007812e-02
9.222769737243652344e-02
9.236812591552734375e-02
9.250783920288085938e-02
9.264779090881347656e-02
9.278750419616699219e-02
9.292697906494140625e-02
9.306597709655761719e-02
9.322071075439453125e-02
9.336090087890625000e-02
9.350109100341796875e-02
9.364032745361328125e-02
9.378004074096679688e-02
9.392023086547851562e-02
9.405970573425292969e-02
9.424090385437011719e-02
9.440016746520996094e-02
9.454011917114257812e-02
9.468173980712890625e-02
9.482216835021972656e-02
9.496164321899414062e-02
9.510183334350585938e-02
9.524631500244140625e-02
9.538722038269042969e-02
9.552717208862304688e-02
9.566712379455566406e-02
9.581804275512695312e-02
9.595799446105957031e-02
9.609770774841308594e-02
9.624195098876953125e-02
9.638166427612304688e-02
9.652256965637207031e-02
9.666252136230468750e-02
9.694528579711914062e-02
9.708809852600097656e-02
9.728574752807617188e-02
9.743642807006835938e-02
9.762573242187500000e-02
9.781622886657714844e-02
9.795880317687988281e-02
9.810280799865722656e-02
9.960031509399414062e-02
9.989285469055175781e-02
1.000466346740722656e-01
1.001951694488525391e-01
1.003422737121582031e-01
1.004858016967773438e-01
1.006259918212890625e-01
1.007690429687500000e-01
1.009216308593750000e-01
1.010663509368896484e-01
1.012120246887207031e-01
1.013550758361816406e-01
1.014971733093261719e-01
1.016366481781005859e-01
1.017763614654541016e-01
1.019251346588134766e-01
1.020667552947998047e-01
1.022117137908935547e-01
1.023585796356201172e-01
1.025002002716064453e-01
1.026406288146972656e-01
1.027815341949462891e-01
1.029205322265625000e-01
1.030657291412353516e-01
1.032230854034423828e-01
1.033661365509033203e-01
1.035075187683105469e-01
1.037719249725341797e-01
1.039340496063232422e-01
1.040821075439453125e-01
1.042392253875732422e-01
1.043825149536132812e-01
1.045238971710205078e-01
1.046638488769531250e-01
1.048099994659423828e-01
1.049494743347167969e-01
1.050906181335449219e-01
1.052362918853759766e-01
1.053783893585205078e-01
1.055183410644531250e-01
1.056706905364990234e-01
1.058194637298583984e-01
1.059610843658447266e-01
1.061117649078369141e-01
1.062574386596679688e-01
1.064021587371826172e-01
1.065430641174316406e-01
1.066839694976806641e-01
1.068251132965087891e-01
1.069636344909667969e-01
1.071052551269531250e-01
1.072506904602050781e-01
1.073923110961914062e-01
1.075463294982910156e-01
1.076869964599609375e-01
1.078259944915771484e-01
1.079668998718261719e-01
1.081156730651855469e-01
1.082608699798583984e-01
1.084012985229492188e-01
1.085405349731445312e-01
1.086797714233398438e-01
1.088311672210693359e-01
1.089739799499511719e-01
1.091160774230957031e-01
1.092646121978759766e-01
1.094050407409667969e-01
1.095504760742187500e-01
1.096920967102050781e-01
1.098434925079345703e-01
1.099841594696044922e-01
1.101248264312744141e-01
1.102697849273681641e-01
1.104130744934082031e-01
1.105525493621826172e-01
1.106915473937988281e-01
1.108317375183105469e-01
1.109714508056640625e-01
1.111147403717041016e-01
1.112594604492187500e-01
1.114003658294677734e-01
1.115403175354003906e-01
1.116802692413330078e-01
1.118209362030029297e-01
1.119604110717773438e-01
1.121006011962890625e-01
1.122450828552246094e-01
1.124007701873779297e-01
1.125409603118896484e-01
1.126816272735595703e-01
1.128208637237548828e-01
1.129605770111083984e-01
1.131036281585693359e-01
1.132528781890869141e-01
1.133983135223388672e-01
1.135392189025878906e-01
1.136801242828369141e-01
1.138215065002441406e-01
1.139614582061767578e-01
1.141138076782226562e-01
1.142599582672119141e-01
1.144015789031982422e-01
1.145439147949218750e-01
1.146843433380126953e-01
1.148257255554199219e-01
1.149659156799316406e-01
1.151056289672851562e-01
1.152503490447998047e-01
1.153914928436279297e-01
1.155304908752441406e-01
1.156706809997558594e-01
1.158215999603271484e-01
1.159625053405761719e-01
1.161012649536132812e-01
1.162455081939697266e-01
1.163880825042724609e-01
1.165294647216796875e-01
1.166694164276123047e-01
1.168107986450195312e-01
1.169507503509521484e-01
1.170907020568847656e-01
1.172342300415039062e-01
1.173789501190185547e-01
1.175186634063720703e-01
1.176676750183105469e-01
1.178073883056640625e-01
1.179566383361816406e-01
1.180961132049560547e-01
1.182420253753662109e-01
1.183819770812988281e-01
1.185224056243896484e-01
1.186628341674804688e-01
1.188035011291503906e-01
1.189453601837158203e-01
1.190853118896484375e-01
1.192290782928466797e-01
1.193711757659912109e-01
1.195192337036132812e-01
1.196584701538085938e-01
1.198005676269531250e-01
1.199405193328857422e-01
1.200804710388183594e-01
1.202251911163330078e-01
1.203651428222656250e-01
1.205089092254638672e-01
1.206490993499755859e-01
1.207885742187500000e-01
1.209287643432617188e-01
1.210694313049316406e-01
1.212129592895507812e-01
1.213538646697998047e-01
1.214945316314697266e-01
1.216347217559814453e-01
1.217875480651855469e-01
1.221926212310791016e-01
1.223535537719726562e-01
1.225001811981201172e-01
1.226441860198974609e-01
1.227860450744628906e-01
1.229262351989746094e-01
1.230676174163818359e-01
1.232123374938964844e-01
1.233620643615722656e-01
1.235034465789794922e-01
1.236450672149658203e-01
1.237850189208984375e-01
1.239242553710937500e-01
1.240644454956054688e-01
1.242084503173828125e-01
1.243546009063720703e-01
1.244933605194091797e-01
1.246328353881835938e-01
1.247825622558593750e-01
1.249349117279052734e-01
1.250758171081542969e-01
1.252193450927734375e-01
1.253609657287597656e-01
1.255016326904296875e-01
1.256422996520996094e-01
1.257941722869873047e-01
1.259350776672363281e-01
1.260747909545898438e-01
1.262183189392089844e-01
1.263582706451416016e-01
1.264984607696533203e-01
1.266384124755859375e-01
1.267821788787841797e-01
1.269218921661376953e-01
1.270623207092285156e-01
1.272134780883789062e-01
1.273546218872070312e-01
1.274936199188232422e-01
1.276335716247558594e-01
1.277732849121093750e-01
1.279139518737792969e-01
1.280632019042968750e-01
1.282074451446533203e-01
1.283485889434814453e-01
1.284890174865722656e-01
1.286301612854003906e-01
1.287705898284912109e-01
1.289093494415283203e-01
1.290504932403564453e-01
1.291940212249755859e-01
1.293358802795410156e-01
1.294758319854736328e-01
1.296157836914062500e-01
1.297552585601806641e-01
1.298956871032714844e-01
1.300358772277832031e-01
1.301763057708740234e-01
1.303205490112304688e-01
1.304669380187988281e-01
1.306071281433105469e-01
1.307458877563476562e-01
1.310169696807861328e-01
1.311671733856201172e-01
1.313216686248779297e-01
1.314623355865478516e-01
1.316025257110595703e-01
1.317436695098876953e-01
1.318824291229248047e-01
1.320345401763916016e-01
1.321742534637451172e-01
1.323194503784179688e-01
1.324591636657714844e-01
1.325986385345458984e-01
1.327385902404785156e-01
1.328797340393066406e-01
1.330182552337646484e-01
1.331615447998046875e-01
1.333189010620117188e-01
1.334600448608398438e-01
1.335985660552978516e-01
1.337385177612304688e-01
1.338791847229003906e-01
1.340186595916748047e-01
1.341607570648193359e-01
1.343050003051757812e-01
1.344449520111083984e-01
1.345844268798828125e-01
1.347239017486572266e-01
1.348631381988525391e-01
1.350023746490478516e-01
1.351416110992431641e-01
1.352944374084472656e-01
1.354343891143798828e-01
1.355741024017333984e-01
1.357138156890869141e-01
1.358535289764404297e-01
1.359937191009521484e-01
1.361377239227294922e-01
1.362857818603515625e-01
1.364266872406005859e-01
1.365799903869628906e-01
1.367197036743164062e-01
1.368620395660400391e-01
1.370012760162353516e-01
1.371409893035888672e-01
1.372866630554199219e-01
1.374266147613525391e-01
1.375725269317626953e-01
1.377122402191162109e-01
1.378502845764160156e-01
1.379897594451904297e-01
1.381297111511230469e-01
1.382730007171630859e-01
1.384134292602539062e-01
1.385536193847656250e-01
1.386921405792236328e-01
1.388320922851562500e-01
1.389720439910888672e-01
1.391119956970214844e-01
1.392560005187988281e-01
1.393961906433105469e-01
1.395361423492431641e-01
1.396775245666503906e-01
1.398169994354248047e-01
1.399672031402587891e-01
1.401062011718750000e-01
1.402599811553955078e-01
1.404008865356445312e-01
1.405417919158935547e-01
1.406831741333007812e-01
1.408238410949707031e-01
1.409645080566406250e-01
1.411058902740478516e-01
1.412498950958251953e-01
1.413912773132324219e-01
1.415312290191650391e-01
1.416704654693603516e-01
1.418111324310302734e-01
1.419503688812255859e-01
1.420900821685791016e-01
1.422338485717773438e-01
1.423742771148681641e-01
1.425273418426513672e-01
1.426663398742675781e-01
1.428060531616210938e-01
1.429462432861328125e-01
1.430976390838623047e-01
1.432409286499023438e-01
1.433813571929931641e-01
1.435213088989257812e-01
1.436622142791748047e-01
1.438019275665283203e-01
1.439425945281982422e-01
1.440820693969726562e-01
1.442301273345947266e-01
1.443712711334228516e-01
1.445107460021972656e-01
1.446514129638671875e-01
1.447911262512207031e-01
1.449303627014160156e-01
1.450686454772949219e-01
1.452209949493408203e-01
1.453607082366943359e-01
1.455061435699462891e-01
1.456453800201416016e-01
1.457865238189697266e-01
1.459262371063232422e-01
1.460659503936767578e-01
1.462090015411376953e-01
1.463499069213867188e-01
1.465024948120117188e-01
1.466426849365234375e-01
1.467828750610351562e-01
1.469223499298095703e-01
1.470608711242675781e-01
1.472070217132568359e-01
1.473536491394042969e-01
1.474928855895996094e-01
1.476342678070068359e-01
1.477746963500976562e-01
1.479151248931884766e-01
1.480545997619628906e-01
1.481976509094238281e-01
1.483387947082519531e-01
1.484882831573486328e-01
1.486287117004394531e-01
1.487689018249511719e-01
1.489090919494628906e-01
1.490492820739746094e-01
1.491885185241699219e-01
1.493322849273681641e-01
1.494724750518798828e-01
1.496131420135498047e-01
1.497523784637451172e-01
1.498932838439941406e-01
1.500318050384521484e-01
1.501715183258056641e-01
1.503167152404785156e-01
1.504573822021484375e-01
1.505978107452392578e-01
1.507375240325927734e-01
1.508777141571044922e-01
1.510205268859863281e-01
1.511604785919189453e-01
1.513059139251708984e-01
1.514449119567871094e-01
1.515846252441406250e-01
1.517333984375000000e-01
1.518728733062744141e-01
1.520111560821533203e-01
1.521501541137695312e-01
1.523048877716064453e-01
1.524446010589599609e-01
1.525845527648925781e-01
